1 1    1
1 10    10
1 11    11
1 100    100
1 101    101
1 110    110
1 111    111
1 1000    1000
1 1001    1001
1 1010    1010
1 1011    1011
1 1100    1100
1 1101    1101
1 1110    1110
1 1111    1111
10 1    10
10 10    100
10 11    110
10 100    1000
10 101    1010
10 110    1100
10 111    1110
10 1000    10000
10 1001    10010
10 1010    10100
10 1011    10110
10 1100    11000
10 1101    11010
10 1110    11100
10 1111    11110
11 1    11
11 10    110
11 11    121
11 100    1100
11 101    1111
11 110    1210
11 111    1221
11 1000    11000
11 1001    11011
11 1010    11110
11 1011    11121
11 1100    12100
11 1101    12111
11 1110    12210
11 1111    12221
100 1    100
100 10    1000
100 11    1100
100 100    10000
100 101    10100
100 110    11000
100 111    11100
100 1000    100000
100 1001    100100
100 1010    101000
100 1011    101100
100 1100    110000
100 1101    110100
100 1110    111000
100 1111    111100
101 1    101
101 10    1010
101 11    1111
101 100    10100
101 101    10201
101 110    11110
101 111    11211
101 1000    101000
101 1001    101101
101 1010    102010
101 1011    102111
101 1100    111100
101 1101    111201
101 1110    112110
101 1111    112211
110 1    110
110 10    1100
110 11    1210
110 100    11000
110 101    11110
110 110    12100
110 111    12210
110 1000    110000
110 1001    110110
110 1010    111100
110 1011    111210
110 1100    121000
110 1101    121110
110 1110    122100
110 1111    122210
111 1    111
111 10    1110
111 11    1221
111 100    11100
111 101    11211
111 110    12210
111 111    12321
111 1000    111000
111 1001    111111
111 1010    112110
111 1011    112221
111 1100    122100
111 1101    122211
111 1110    123210
111 1111    123321
1000 1    1000
1000 10    10000
1000 11    11000
1000 100    100000
1000 101    101000
1000 110    110000
1000 111    111000
1000 1000    1000000
1000 1001    1001000
1000 1010    1010000
1000 1011    1011000
1000 1100    1100000
1000 1101    1101000
1000 1110    1110000
1000 1111    1111000
1001 1    1001
1001 10    10010
1001 11    11011
1001 100    100100
1001 101    101101
1001 110    110110
1001 111    111111
1001 1000    1001000
1001 1001    1002001
1001 1010    1011010
1001 1011    1012011
1001 1100    1101100
1001 1101    1102101
1001 1110    1111110
1001 1111    1112111
1010 1    1010
1010 10    10100
1010 11    11110
1010 100    101000
1010 101    102010
1010 110    111100
1010 111    112110
1010 1000    1010000
1010 1001    1011010
1010 1010    1020100
1010 1011    1021110
1010 1100    1111000
1010 1101    1112010
1010 1110    1121100
1010 1111    1122110
1011 1    1011
1011 10    10110
1011 11    11121
1011 100    101100
1011 101    102111
1011 110    111210
1011 111    112221
1011 1000    1011000
1011 1001    1012011
1011 1010    1021110
1011 1011    1022121
1011 1100    1112100
1011 1101    1113111
1011 1110    1122210
1011 1111    1123221
1100 1    1100
1100 10    11000
1100 11    12100
1100 100    110000
1100 101    111100
1100 110    121000
1100 111    122100
1100 1000    1100000
1100 1001    1101100
1100 1010    1111000
1100 1011    1112100
1100 1100    1210000
1100 1101    1211100
1100 1110    1221000
1100 1111    1222100
1101 1    1101
1101 10    11010
1101 11    12111
1101 100    110100
1101 101    111201
1101 110    121110
1101 111    122211
1101 1000    1101000
1101 1001    1102101
1101 1010    1112010
1101 1011    1113111
1101 1100    1211100
1101 1101    1212201
1101 1110    1222110
1101 1111    1223211
1110 1    1110
1110 10    11100
1110 11    12210
1110 100    111000
1110 101    112110
1110 110    122100
1110 111    123210
1110 1000    1110000
1110 1001    1111110
1110 1010    1121100
1110 1011    1122210
1110 1100    1221000
1110 1101    1222110
1110 1110    1232100
1110 1111    1233210
1111 1    1111
1111 10    11110
1111 11    12221
1111 100    111100
1111 101    112211
1111 110    122210
1111 111    123321
1111 1000    1111000
1111 1001    1112111
1111 1010    1122110
1111 1011    1123221
1111 1100    1222100
1111 1101    1223211
1111 1110    1233210
1111 1111    1234321

